0
0
0
0
0
0
0
0
0
0
0
0
0
0
0
0
0
0
0
0
0
0
0
0
0
0
0
0
0
0
0
0
0
0
0
0
0
0
0
0
0
0
0
0
0
0
0
0
0
0
0
0
0
0
0
0
0
0
0
0
0
0
0
0
0
0
0
0
0
0
0
0
0
0
0
0
0
0
0
0
0
0
0
0
0
0
0
0
0
0
0
0
0
0
0
0
0
0
0
0
0
0
0
0
0
0
0
0
0
0
0
0
0
0
0
0
0
0
0
0
0
0
0
0
0
0
0
0
0
0
0
0
0
0
0
0
0
0
0
0
0
0
0
0
0
0
0
0
0
0
0
0
0
0
0
0
0
0
0
0
0
0
0
0
0
0
0
0
0
0
0
0
0
0
0
0
0
0
0
0
0
0
0
0
0
0
0
0
0
0
0
0
0
0
0
0
0
0
0
0
0
0
0
0
0
0
0
0
0
0
0
0
0
0
0
0
0
0
0
0
0
0
0
0
0
0
0
0
0
0
0
0
0
0
0
0
0
0
0
0
0
0
0
0
0
0
0
0
0
0
0
0
0
0
0
0
0
-3
2
-5
0
0
0
-2
-7
-1
0
2
-4
1
-2
3
-4
-3
0
-3
1
-2
-2
-2
1
0
0
-2
5
-4
0
0
-2
-2
-1
3
-4
0
-1
-1
-1
-2
1
3
-2
1
1
0
3
0
1
-1
2
-4
-2
1
4
1
-2
-2
1
4
1
1
0
272
222
46
-62
-78
384
-338
106
-134
-296
360
0
-178
168
0
0
-128
0
200
86
-318
0
292
26
-20
0
0
0
0
68
242
-138
-342
-222
0
0
164
186
14
-36
-208
0
224
-232
-380
-80
182
0
0
18
252
0
-508
164
250
-74
240
-442
228
-132
144
-158
-192
0
-246
-274
28
-38
-46
-556
182
-318
-84
-184
-136
0
228
-222
0
0
208
0
-392
-190
6
0
22
-162
312
0
0
0
0
116
232
-138
-330
-244
0
0
54
252
-220
228
-16
0
-4
12
300
-254
-292
0
0
246
-322
0
192
364
-112
226
-128
568
-144
206
-200
194
174
0
-51
-102
-149
-195
-241
-283
-322
-359
-395
-427
-453
-471
-489
-500
-512
-515
-512
-499
-489
-474
-452
-431
-397
-361
-323
-287
-245
-192
-153
-99
-48
-2
45
100
152
194
244
287
324
356
396
431
450
472
489
499
512
510
510
502
489
468
449
426
394
357
326
284
241
194
148
100
52
