-131072 0
0 0
0 0
0 0
0 0
0 0
0 0
0 0
-131072 0
0 0
0 0
0 0
0 0
0 0
0 0
0 0
-131072 0
0 0
0 0
0 0
0 0
0 0
0 0
0 0
-131072 0
0 0
0 0
0 0
0 0
0 0
0 0
0 0
-131072 0
0 0
0 0
0 0
0 0
0 0
0 0
0 0
-131072 0
0 0
0 0
0 0
0 0
0 0
0 0
0 0
-131072 0
0 0
0 0
0 0
0 0
0 0
0 0
0 0
-131072 0
0 0
0 0
0 0
0 0
0 0
0 0
0 0
-131072 0
0 0
0 0
0 0
0 0
0 0
0 0
0 0
-131072 0
0 0
0 0
0 0
0 0
0 0
0 0
0 0
-131072 0
0 0
0 0
0 0
0 0
0 0
0 0
0 0
-131072 0
0 0
0 0
0 0
0 0
0 0
0 0
0 0
-131072 0
0 0
0 0
0 0
0 0
0 0
0 0
0 0
-131072 0
0 0
0 0
0 0
0 0
0 0
0 0
0 0
-131072 0
0 0
0 0
0 0
0 0
0 0
0 0
0 0
-131072 0
0 0
0 0
0 0
0 0
0 0
0 0
0 0
-131072 0
0 0
0 0
0 0
0 0
0 0
0 0
0 0
-131072 0
0 0
0 0
0 0
0 0
0 0
0 0
0 0
-131072 0
0 0
0 0
0 0
0 0
0 0
0 0
0 0
-131072 0
0 0
0 0
0 0
0 0
0 0
0 0
0 0
-131072 0
0 0
0 0
0 0
0 0
0 0
0 0
0 0
-131072 0
0 0
0 0
0 0
0 0
0 0
0 0
0 0
-131072 0
0 0
0 0
0 0
0 0
0 0
0 0
0 0
-131072 0
0 0
0 0
0 0
0 0
0 0
0 0
0 0
-131072 0
0 0
0 0
0 0
0 0
0 0
0 0
0 0
-131072 0
0 0
0 0
0 0
0 0
0 0
0 0
0 0
-131072 0
0 0
0 0
0 0
0 0
0 0
0 0
0 0
-131072 0
0 0
0 0
0 0
0 0
0 0
0 0
0 0
-131072 0
0 0
0 0
0 0
0 0
0 0
0 0
0 0
-131072 0
0 0
0 0
0 0
0 0
0 0
0 0
0 0
-131072 0
0 0
0 0
0 0
0 0
0 0
0 0
0 0
-131072 0
0 0
0 0
0 0
0 0
0 0
0 0
0 0
521856 -768
524416 -1280
524800 128
523904 -640
523392 -128
523776 -512
523392 -640
524672 0
128 0
296 -953
-455 1001
-1071 247
-128 384
-1434 -788
-1274 -364
-38 1091
-2816 128
-932 -77
688 -9
1805 173
-1274 0
1733 393
1013 559
-278 -579
512 -384
-36 -283
-285 20
-455 1007
-2184 -910
-151 101
-207 501
106 71
-1024 -384
101 -267
-707 1057
-481 -1586
-570 -40
-198 1264
-779 -246
486 594
-512 -128
-7 -286
953 1099
-557 -827
570 40
-1044 468
-77 -932
562 96
-384 1280
743 -625
35 -177
-342 -1602
1681 283
-651 1345
-152 554
-978 -205
2432 256
936 -270
-805 757
-812 -438
639 127
-270 -451
-566 -72
293 355
111360 -14848
-50944 -40960
153600 -92160
-11008 167680
104960 -43520
-18944 -147712
134656 93696
-46592 57600
-196864 -20480
-37944 5242
35308 102284
-36758 -16094
49664 -20480
-27884 41462
-45864 -179816
-52134 -19712
-27648 -44288
-76512 -80682
2274 -11182
-20252 -5476
-12012 5096
18020 77178
59788 -6716
-89788 31426
-57856 8960
130380 42886
-7374 30418
-66188 120520
-33124 13832
-89230 -197120
-4496 -53472
161404 9834
62464 21888
562 186022
136027 -8786
-42557 -41048
78942 -32781
34131 40545
165263 7390
-34272 -193590
23040 13440
-80244 74766
114922 117515
-127775 35943
-71695 29910
-169020 -30366
128955 -69098
-50019 -29193
66816 14208
-82149 95921
45344 72511
20907 84537
57232 -23549
-29265 -115285
-48083 -6044
-53678 -55806
18688 21120
57456 -5526
-15019 -118356
113763 -61564
2957 -1124
60550 34925
-13519 98588
33748 36328
18688 -20992
44800 -36352
117504 14336
-36352 -124160
-2816 -1280
-18432 68352
99072 -13568
49664 -1792
66816 -14336
-126224 -10118
-72982 -46410
-74288 44966
-57088 -23808
-59476 -102582
-6552 -47684
-76994 1508
23040 -13568
-110600 3610
-117252 -115114
64086 115852
72072 29848
97756 -140902
-69018 128226
-56304 -15886
62464 -21760
-131280 -131346
8506 -135092
59100 846
-79716 -33124
4062 53452
8194 165658
-160820 112174
-57728 -8576
61335 -122931
-30419 7738
-38133 130798
33066 13662
-75181 -202429
-52982 -5051
121131 107649
-27776 43904
2324 111321
11506 -2735
18091 10065
11690 4830
42066 67968
-6534 59993
-41909 -85474
-196736 19968
-30334 23854
-100710 -34812
37035 14931
-49629 -20747
48655 9857
-179854 -45772
-50652 -23371
111232 15360
-7236 65088
92020 -153562
-111330 125893
-104617 -43581
-90801 -117540
93406 134736
7413 -73009
1664 -1792
-256 -512
-1280 256
-640 -512
-896 -512
-1536 -640
-128 -128
896 384
-128 0
-588 -1416
-364 364
1523 -336
-1280 384
1178 1171
182 364
-1543 51
-640 256
657 -1309
-254 -1278
565 -532
637 273
1131 604
276 668
253 705
-896 512
1237 -675
-588 1416
782 -679
91 -819
1184 -27
-686 -1652
-955 -179
640 640
508 -52
-554 -152
329 -233
2291 -813
413 505
143 672
27 639
-2944 -128
-332 466
710 -1060
-2068 -1110
1307 149
-1386 684
1387 930
-832 -547
128 128
747 706
-883 745
315 423
118 49
-267 101
-704 -908
1024 -254
522368 384
372483 -369711
-1207 -526569
-369850 -371899
-523059 -412
-369058 369311
-570 522632
371638 368510
