-1024
0
0
0
0
0
0
0
0
0
0
0
0
0
0
0
0
0
0
0
0
0
0
0
0
0
0
0
0
0
0
0
0
0
0
0
0
0
0
0
0
0
0
0
0
0
0
0
0
0
0
0
0
0
0
0
0
0
0
0
0
0
0
0
-1024
0
0
0
0
0
0
0
0
0
0
0
0
0
0
0
0
0
0
0
0
0
0
0
0
0
0
0
0
0
0
0
0
0
0
0
0
0
0
0
0
0
0
0
0
0
0
0
0
0
0
0
0
0
0
0
0
0
0
0
0
0
0
0
-1024
0
0
0
0
0
0
0
0
0
0
0
0
0
0
0
0
0
0
0
0
0
0
0
0
0
0
0
0
0
0
0
0
0
0
0
0
0
0
0
0
0
0
0
0
0
0
0
0
0
0
0
0
0
0
0
0
0
0
0
0
0
0
0
-1024
0
0
0
0
0
0
0
0
0
0
0
0
0
0
0
0
0
0
0
0
0
0
0
0
0
0
0
0
0
0
0
0
0
0
0
0
0
0
0
0
0
0
0
0
0
0
0
0
0
0
0
0
0
0
0
0
0
0
0
0
0
0
0
508
514
510
514
511
512
512
513
510
512
512
511
510
508
510
513
514
514
508
511
511
512
512
510
508
512
515
516
512
511
513
512
507
510
514
509
513
515
513
512
508
511
514
510
513
509
507
513
510
513
514
510
508
512
512
513
512
511
513
512
511
513
510
513
0
-240
286
-252
248
244
422
126
346
218
420
-40
0
-184
194
0
0
-222
0
472
242
-174
0
212
254
-512
0
0
0
0
-246
84
-334
118
-126
0
0
-196
176
-362
360
150
0
-124
110
430
-244
-314
0
0
256
-260
0
-56
548
60
244
90
364
118
220
-212
202
-170
0
-266
238
-254
254
252
138
314
170
242
476
-336
0
118
-126
0
0
150
0
-328
-172
362
0
-362
-198
408
0
0
0
0
228
-106
334
-150
80
0
0
250
-44
288
-280
-256
0
256
-256
-490
-32
212
0
0
68
166
0
-476
442
230
120
222
56
212
152
-160
168
-188
508
513
499
493
474
448
424
398
365
327
284
239
198
146
101
49
3
-51
-101
-147
-199
-243
-285
-323
-362
-398
-428
-456
-475
-490
-504
-511
-508
-509
-505
-490
-475
-456
-426
-394
-361
-325
-283
-240
-199
-148
-98
-49
3
46
100
145
195
239
285
328
365
395
424
451
474
492
502
509
