0	-1	0
1	0	0
2	0	0
3	0	0
4	0	0
5	0	0
6	0	0
7	0	0
8	0	0
9	0	0
10	0	0
11	0	0
12	0	0
13	0	0
14	0	0
15	0	0
16	0	0
17	0	0
18	0	0
19	0	0
20	0	0
21	0	0
22	0	0
23	0	0
24	0	0
25	0	0
26	0	0
27	0	0
28	0	0
29	0	0
30	0	0
31	0	0
32	0	0
33	0	0
34	0	0
35	0	0
36	0	0
37	0	0
38	0	0
39	0	0
40	0	0
41	0	0
42	0	0
43	0	0
44	0	0
45	0	0
46	0	0
47	0	0
48	0	0
49	0	0
50	0	0
51	0	0
52	0	0
53	0	0
54	0	0
55	0	0
56	0	0
57	0	0
58	0	0
59	0	0
60	0	0
61	0	0
62	0	0
63	0	0
64	0	0
65	0	0
66	0	0
67	0	0
68	0	0
69	0	0
70	0	0
71	0	0
72	0	0
73	0	0
74	0	0
75	0	0
76	0	0
77	0	0
78	0	0
79	0	0
80	0	0
81	0	0
82	0	0
83	0	0
84	0	0
85	0	0
86	0	0
87	0	0
88	0	0
89	0	0
90	0	0
91	0	0
92	0	0
93	0	0
94	0	0
95	0	0
96	0	0
97	0	0
98	0	0
99	0	0
100	0	0
101	0	0
102	0	0
103	0	0
104	0	0
105	0	0
106	0	0
107	0	0
108	0	0
109	0	0
110	0	0
111	0	0
112	0	0
113	0	0
114	0	0
115	0	0
116	0	0
117	0	0
118	0	0
119	0	0
120	0	0
121	0	0
122	0	0
123	0	0
124	0	0
125	0	0
126	0	0
127	0	0
128	0	0
129	0	0
130	0	0
131	0	0
132	0	0
133	0	0
134	0	0
135	0	0
136	0	0
137	0	0
138	0	0
139	0	0
140	0	0
141	0	0
142	0	0
143	0	0
144	0	0
145	0	0
146	0	0
147	0	0
148	0	0
149	0	0
150	0	0
151	0	0
152	0	0
153	0	0
154	0	0
155	0	0
156	0	0
157	0	0
158	0	0
159	0	0
160	0	0
161	0	0
162	0	0
163	0	0
164	0	0
165	0	0
166	0	0
167	0	0
168	0	0
169	0	0
170	0	0
171	0	0
172	0	0
173	0	0
174	0	0
175	0	0
176	0	0
177	0	0
178	0	0
179	0	0
180	0	0
181	0	0
182	0	0
183	0	0
184	0	0
185	0	0
186	0	0
187	0	0
188	0	0
189	0	0
190	0	0
191	0	0
192	0	0
193	0	0
194	0	0
195	0	0
196	0	0
197	0	0
198	0	0
199	0	0
200	0	0
201	0	0
202	0	0
203	0	0
204	0	0
205	0	0
206	0	0
207	0	0
208	0	0
209	0	0
210	0	0
211	0	0
212	0	0
213	0	0
214	0	0
215	0	0
216	0	0
217	0	0
218	0	0
219	0	0
220	0	0
221	0	0
222	0	0
223	0	0
224	0	0
225	0	0
226	0	0
227	0	0
228	0	0
229	0	0
230	0	0
231	0	0
232	0	0
233	0	0
234	0	0
235	0	0
236	0	0
237	0	0
238	0	0
239	0	0
240	0	0
241	0	0
242	0	0
243	0	0
244	0	0
245	0	0
246	0	0
247	0	0
248	0	0
249	0	0
250	0	0
251	0	0
252	0	0
253	0	0
254	0	0
255	0	0
256	127	0
257	128	0
258	128	0
259	128	0
260	128	0
261	128	0
262	128	0
263	128	0
264	128	0
265	128	0
266	128	0
267	126	0
268	126	0
269	126	0
270	126	0
271	126	0
272	126	0
273	126	0
274	124	0
275	124	0
276	124	0
277	124	0
278	124	0
279	122	0
280	122	0
281	122	0
282	122	0
283	122	0
284	120	0
285	120	0
286	120	0
287	118	0
288	118	0
289	118	0
290	118	0
291	116	0
292	116	0
293	116	0
294	114	0
295	114	0
296	112	0
297	112	0
298	112	0
299	110	0
300	110	0
301	108	0
302	108	0
303	108	0
304	106	0
305	106	0
306	104	0
307	104	0
308	102	0
309	102	0
310	100	0
311	100	0
312	98	0
313	98	0
314	96	0
315	96	0
316	94	0
317	94	0
318	92	0
319	92	0
320	90	0
321	90	0
322	88	0
323	88	0
324	86	0
325	84	0
326	84	0
327	82	0
328	82	0
329	80	0
330	78	0
331	78	0
332	76	0
333	74	0
334	74	0
335	72	0
336	72	0
337	70	0
338	68	0
339	68	0
340	66	0
341	64	0
342	64	0
343	62	0
344	60	0
345	58	0
346	58	0
347	56	0
348	54	0
349	54	0
350	52	0
351	50	0
352	48	0
353	48	0
354	46	0
355	44	0
356	44	0
357	42	0
358	40	0
359	38	0
360	38	0
361	36	0
362	34	0
363	32	0
364	32	0
365	30	0
366	28	0
367	26	0
368	24	0
369	24	0
370	22	0
371	20	0
372	18	0
373	18	0
374	16	0
375	14	0
376	12	0
377	10	0
378	10	0
379	8	0
380	6	0
381	4	0
382	4	0
383	2	0
384	0	0
385	0	2
386	0	4
387	0	4
388	0	6
389	0	8
390	0	10
391	0	10
392	0	12
393	0	14
394	0	16
395	0	18
396	0	18
397	0	20
398	0	22
399	0	24
400	0	24
401	0	26
402	0	28
403	0	30
404	0	32
405	0	32
406	0	34
407	0	36
408	0	38
409	0	38
410	0	40
411	0	42
412	0	44
413	0	44
414	0	46
415	0	48
416	0	48
417	0	50
418	0	52
419	0	54
420	0	54
421	0	56
422	0	58
423	0	58
424	0	60
425	0	62
426	0	64
427	0	64
428	0	66
429	0	68
430	0	68
431	0	70
432	0	72
433	0	72
434	0	74
435	0	74
436	0	76
437	0	78
438	0	78
439	0	80
440	0	82
441	0	82
442	0	84
443	0	84
444	0	86
445	0	88
446	0	88
447	0	90
448	0	90
449	0	92
450	0	92
451	0	94
452	0	94
453	0	96
454	0	96
455	0	98
456	0	98
457	0	100
458	0	100
459	0	102
460	0	102
461	0	104
462	0	104
463	0	106
464	0	106
465	0	108
466	0	108
467	0	108
468	0	110
469	0	110
470	0	112
471	0	112
472	0	112
473	0	114
474	0	114
475	0	116
476	0	116
477	0	116
478	0	118
479	0	118
480	0	118
481	0	118
482	0	120
483	0	120
484	0	120
485	0	122
486	0	122
487	0	122
488	0	122
489	0	122
490	0	124
491	0	124
492	0	124
493	0	124
494	0	124
495	0	126
496	0	126
497	0	126
498	0	126
499	0	126
500	0	126
501	0	126
502	0	128
503	0	128
504	0	128
505	0	128
506	0	128
507	0	128
508	0	128
509	0	128
510	0	128
511	0	128
